# filter            wl_ref(A) wl_mean(A) wl_eff(A) wl_min(A) wl_max(A)  width_eff(A) zero(Jy)  zero(erg/cm2/s/A) Facility  Instrument 
  SLOAN/SDSS.u      3556.52   3572.18    3608.04   3055.11   4030.64    540.97       1582.54   3.75e-9           SLOAN     ""
  SLOAN/SDSS.g      4702.50   4750.82    4671.78   3797.64   5553.04    1064.68      4023.57   5.45e-9           SLOAN     ""
  SLOAN/SDSS.r      6175.58   6204.29    6141.12   5418.23   6994.42    1055.51      3177.38   2.5e-9            SLOAN     ""
  SLOAN/SDSS.i      7489.98   7519.27    7457.89   6692.41   8400.32    1102.57      2593.40   1.39e-9           SLOAN     ""
  SLOAN/SDSS.z      8946.71   8992.26    8922.78   7964.70   10873.33   1164.01      2238.99   8.39e-10          SLOAN     ""
  Gemini/GMOS-N.i   7751.65   7785.86    7713.48   6859.50   8602.50    1410.95      2494.53   1.24e-9           Gemini    GMOS-N
  Gemini/GMOS-N.z   9638.79   9722.76    9573.64   8248.00   11000.00   2517.22      2160.03   6.97e-10          Gemini    GMOS-N
  Gemini/GMOS-S.i   7757.63   7792.41    7719.01   6881.46   8646.54    1421.34      2491.39   1.24e-9           Gemini    GMOS-S
  Gemini/GMOS-S.z   9193.11   9225.93    9177.87   8223.52   10000.00   1531.01      2232.76   7.92e-10          Gemini    GMOS-S
  GAIA/GAIA3.Gbp    5109.71   5319.87    5035.75   3301.83   6739.34    2157.50      3552.01   4.08e-9           GAIA      GAIA
  GAIA/GAIA3.G      6217.59   6719.55    5822.39   3309.13   10381.71   4052.97      3228.75   2.5e-9            GAIA      GAIA
  GAIA/GAIA3.Grp    7769.02   7939.10    7619.96   6200.46   10465.57   2924.44      2554.95   1.27e-9           GAIA      GAIA
  MKO/NSFCam.J      12456.93  12484.14   12417.04  11481.78  13494.41   1516.76      1544.03   2.98e-10          MKO       NSFCam
  MKO/NSFCam.H      16229.35  16298.26   16140.31  14509.80  18091.05   2845.78      1034.80   1.18e-10          MKO       NSFCam
  MKO/NSFCam.K      21939.05  22005.37   21840.23  19859.30  24015.14   3242.19      638.19    3.97e-11          MKO       NSFCam
  MKO/NSFCam.Lp	    37571.67  37741.36   37302.87  33056.80  42253.79   6829.13      245.20    5.21e-12          MKO       NSFCam
  MKO/NSFCam.Mp	    46830.29  46848.24   46803.78  45086.25  48872.39   2406.00      160.62    2.2e-12           MKO       NSFCam
  UKIRT/UFTI.I      8496.83   8536.66    8465.97   7022.89   9435.10    1279.14      2306.67   9.58e-10          UKIRT     UFTI
  UKIRT/UFTI.Z      9557.07   9614.31    9514.64   8454.84   10737.44   1716.75      2173.10   7.13e-10          UKIRT     UFTI
  UKIRT/UFTI.Y      10188.61  10204.03   10170.36  9447.83   11092.31   1036.05      2072.27   5.98e-10          UKIRT     UFTI
  UKIRT/UFTI.J      12459.11  12486.69   12418.64  11444.56  13487.58   1503.35      1543.63   2.98e-10          UKIRT     UFTI
  UKIRT/UFTI.H      16293.13  16360.92   16205.44  14535.23  18084.66   2775.34      1028.69   1.16e-10          UKIRT     UFTI
  UKIRT/UFTI.K      21970.66  22035.03   21874.38  19874.94  23975.00   3053.21      636.43    3.95e-11          UKIRT     UFTI
  UKIRT/UKIDSS.Z    8817.00   8839.48    8817.00   8360.00   9290.00    930.00       2250.67   8.66e-10          UKIRT     WFCAM
  UKIRT/UKIDSS.Y    10305.00  10327.94   10305.00  9790.00   10810.00   1020.00      2034.41   5.73e-10          UKIRT     WFCAM
  UKIRT/UKIDSS.J    12483.00  12528.07   12483.00  11690.00  13280.00   1590.00      1534.75   2.94e-10          UKIRT     WFCAM
  UKIRT/UKIDSS.H    16313.00  16422.88   16313.00  14920.00  17840.00   2920.00      1022.87   1.15e-10          UKIRT     WFCAM
  UKIRT/UKIDSS.K    22010.00  22131.99   22010.00  20290.00  23800.00   3510.00      632.56    3.9e-11           UKIRT     WFCAM
  HST/NICMOS1.F090M 9034.55   9085.81    9006.59   7849.37   10140.93   1222.43      2243.34   8.24e-10          HST       NICMOS
  HST/NICMOS1.F110W 11233.62  11579.82   10826.77  7848.73   14335.73   3632.25      1829.18   4.35e-10          HST       NICMOS
  HST/NICMOS1.F170M 17058.03  17089.47   17020.35  15807.57  18372.85   1789.73      959.99    9.89e-11          HST       NICMOS
  2MASS/2MASS.J     12350.00  12350.00   12350.00  10806.47  14067.97   1624.32      1594.00   3.13e-10          2MASS     ""
  2MASS/2MASS.H     16620.00  16620.00   16620.00  14787.38  18231.02   2509.40      1024.00   1.13e-10          2MASS     ""
  2MASS/2MASS.Ks    21590.00  21590.00   21590.00  19543.69  23552.40   2618.87      666.80    4.28e-11          2MASS     ""
  Spitzer/IRAC.I1   35378.41  35572.59   35074.83  31296.24  39614.36   6836.18      274.53    6.58e-12          Spitzer   IRAC
  Spitzer/IRAC.I2   44780.49  45049.28   44365.56  39173.28  50560.57   8649.92      177.66    2.66e-12          Spitzer   IRAC
  Spitzer/IRAC.I3   56961.78  57385.69   56280.62  48982.77  65088.94   12561.17     113.56    1.05e-12          Spitzer   IRAC
  Spitzer/IRAC.I4   77978.40  79273.75   75890.54  62993.78  95875.95   25288.50     63.70     3.14e-13          Spitzer   IRAC
  WISE/WISE.W1      33526.00  33526.00   33526.00  27540.97  38723.88   6626.42      309.54    8.18e-12          WISE      ""
  WISE/WISE.W2      46028.00  46028.00   46028.00  39633.26  53413.60   10422.66     171.79    2.42e-12          WISE      ""
  WISE/WISE.W3      115608.00 115608.00  115608.00 74430.44  172613.43  55055.23     31.67     6.52e-14          WISE      ""
  WISE/WISE.W4      220883.00 220883.00  220883.00 195200.83 279107.24  41016.80     8.36      5.09e-15          WISE      ""
  JWST/MIRI.F560W   56352.56  56651.28   55870.25  48944.36   64279.58  9461.37      115.29    1.09e-12          JWST      MIRI
  JWST/MIRI.F770W   76393.34  77111.48   75224.94  64802.79   88382.09  18278.14     65.08     3.34e-13          JWST      MIRI
  JWST/MIRI.F1000W  99531.16  99981.09   98793.45  87645.92   111053.33 17036.67     38.51     1.17e-13          JWST      MIRI
  JWST/MIRI.F1065C  105628.39 105681.52  105542.39 100226.73  111577.48 5647.25      33.89     9.11e-14          JWST      MIRI
  JWST/MIRI.F1140C  113103.03 113156.52  113013.47 107357.90  119593.95 6036.53      29.63     6.94e-14          JWST      MIRI
  JWST/MIRI.F1130W  113085.01 113159.44  112960.71 106439.78  119874.08 7229.15      29.66     6.95e-14          JWST      MIRI
  JWST/MIRI.F1280W  128101.38 128738.34  127059.68 112674.80  143435.71 24337.73     23.52     4.3e-14           JWST      MIRI
  JWST/MIRI.F1500W  150635.06 151469.07  149257.07 131345.04  171580.84 29426.24     17.12     2.26e-14          JWST      MIRI
  JWST/MIRI.F1550C  155167.74 155219.65  155079.50 149413.67  161556.33 7038.01      15.93     1.98e-14          JWST      MIRI
  JWST/MIRI.F1800W  179837.22 180508.30  178734.17 160441.28  203000.78 29145.67     11.99     1.11e-14          JWST      MIRI
  JWST/MIRI.F2100W  207950.05 209373.19  205601.06 179077.84  244780.51 44045.73     9.06      6.28e-15          JWST      MIRI
  JWST/MIRI.F2300C  226446.44 227630.49  224493.76 196484.64  262492.33 43032.65     7.62      4.45e-15          JWST      MIRI
  JWST/MIRI.F2550W  253640.02 254994.20  251515.99 223494.34  299940.00 38760.07     6.07      2.83e-15          JWST      MIRI
