7625.000000 1.69814e-05
7630.000000 2.05501e-05
7635.000000 2.61668e-05
7640.000000 3.16185e-05
7645.000000 3.9506e-05
7650.000000 4.34889e-05
7655.000000 5.00783e-05
7660.000000 5.59988e-05
7665.000000 6.18262e-05
7670.000000 6.79523e-05
7675.000000 7.10796e-05
7680.000000 7.77475e-05
7685.000000 8.04411e-05
7690.000000 8.40937e-05
7695.000000 8.75734e-05
7700.000000 8.96938e-05
7705.000000 9.19107e-05
7710.000000 9.52183e-05
7715.000000 9.75576e-05
7720.000000 9.90837e-05
7725.000000 0.00010103
7730.000000 0.000103734
7735.000000 0.00010677
7740.000000 0.000108591
7745.000000 0.000111678
7750.000000 0.000115456
7755.000000 0.000121228
7760.000000 0.0001286
7765.000000 0.000134796
7770.000000 0.000144406
7775.000000 0.000155303
7780.000000 0.000166275
7785.000000 0.000181013
7790.000000 0.000197268
7795.000000 0.000214943
7800.000000 0.00023677
7805.000000 0.000263593
7810.000000 0.000293943
7815.000000 0.000330178
7820.000000 0.000374056
7825.000000 0.000427303
7830.000000 0.000488604
7835.000000 0.000560331
7840.000000 0.000652545
7845.000000 0.000759035
7850.000000 0.000891153
7855.000000 0.0010515
7860.000000 0.00123511
7865.000000 0.00145873
7870.000000 0.00172742
7875.000000 0.00202529
7880.000000 0.00238115
7885.000000 0.00276188
7890.000000 0.00319043
7895.000000 0.00364912
7900.000000 0.00410819
7905.000000 0.00458476
7910.000000 0.00504961
7915.000000 0.00549651
7920.000000 0.005937
7925.000000 0.00635492
7930.000000 0.00674909
7935.000000 0.0071539
7940.000000 0.00754563
7945.000000 0.00795164
7950.000000 0.00837733
7955.000000 0.00883522
7960.000000 0.00931048
7965.000000 0.00982777
7970.000000 0.0104011
7975.000000 0.011015
7980.000000 0.0116854
7985.000000 0.0124081
7990.000000 0.0131765
7995.000000 0.0140239
8000.000000 0.0149536
8005.000000 0.0158823
8010.000000 0.016901
8015.000000 0.0179817
8020.000000 0.0190644
8025.000000 0.0202168
8030.000000 0.0213782
8035.000000 0.0225511
8040.000000 0.0237523
8045.000000 0.0248955
8050.000000 0.0259978
8055.000000 0.027072
8060.000000 0.027986
8065.000000 0.0288053
8070.000000 0.0294844
8075.000000 0.029978
8080.000000 0.0303088
8085.000000 0.0304813
8090.000000 0.030474
8095.000000 0.030327
8100.000000 0.030046
8105.000000 0.0296905
8110.000000 0.0292119
8115.000000 0.0287105
8120.000000 0.0281642
8125.000000 0.0276122
8130.000000 0.0271053
8135.000000 0.0266091
8140.000000 0.0261713
8145.000000 0.0258504
8150.000000 0.0255934
8155.000000 0.0254506
8160.000000 0.0254261
8165.000000 0.0254964
8170.000000 0.0256952
8175.000000 0.026059
8180.000000 0.0265053
8185.000000 0.0271016
8190.000000 0.027819
8195.000000 0.0286382
8200.000000 0.0296236
8205.000000 0.0306778
8210.000000 0.0318161
8215.000000 0.033112
8220.000000 0.0344193
8225.000000 0.0358384
8230.000000 0.0373555
8235.000000 0.038847
8240.000000 0.0404088
8245.000000 0.0419102
8250.000000 0.0433775
8255.000000 0.0448408
8260.000000 0.0461915
8265.000000 0.0474697
8270.000000 0.0486631
8275.000000 0.0497106
8280.000000 0.0506604
8285.000000 0.0514653
8290.000000 0.0521598
8295.000000 0.0527173
8300.000000 0.0531806
8305.000000 0.0535489
8310.000000 0.0537623
8315.000000 0.053898
8320.000000 0.0539674
8325.000000 0.0539324
8330.000000 0.0538243
8335.000000 0.0537163
8340.000000 0.0535619
8345.000000 0.0533423
8350.000000 0.0531547
8355.000000 0.0528819
8360.000000 0.0525527
8365.000000 0.0521429
8370.000000 0.0516463
8375.000000 0.0510246
8380.000000 0.0503192
8385.000000 0.0495344
8390.000000 0.0486149
8395.000000 0.0476532
8400.000000 0.0466294
8405.000000 0.0456686
8410.000000 0.0447706
8415.000000 0.0439099
8420.000000 0.0431775
8425.000000 0.0425071
8430.000000 0.0418563
8435.000000 0.0413109
8440.000000 0.0408245
8445.000000 0.0402371
8450.000000 0.0396452
8455.000000 0.0389602
8460.000000 0.0382231
8465.000000 0.0373565
8470.000000 0.0365244
8475.000000 0.0356664
8480.000000 0.0348107
8485.000000 0.0340624
8490.000000 0.0335126
8495.000000 0.0330555
8500.000000 0.0328089
8505.000000 0.0328178
8510.000000 0.0331103
8515.000000 0.0335987
8520.000000 0.0343452
8525.000000 0.0353104
8530.000000 0.0363927
8535.000000 0.0376477
8540.000000 0.0388745
8545.000000 0.0400569
8550.000000 0.0411498
8555.000000 0.0420452
8560.000000 0.0426359
8565.000000 0.0430129
8570.000000 0.043031
8575.000000 0.0428896
8580.000000 0.0426242
8585.000000 0.0422618
8590.000000 0.0419668
8595.000000 0.0417976
8600.000000 0.0417456
8605.000000 0.0419022
8610.000000 0.0423772
8615.000000 0.0431582
8620.000000 0.0439197
8625.000000 0.0450949
8630.000000 0.0465177
8635.000000 0.0479252
8640.000000 0.0494741
8645.000000 0.0509253
8650.000000 0.0523972
8655.000000 0.0537161
8660.000000 0.0549532
8665.000000 0.0559522
8670.000000 0.0567751
8675.000000 0.0574987
8680.000000 0.0578591
8685.000000 0.0583812
8690.000000 0.0587203
8695.000000 0.0592652
8700.000000 0.0597378
8705.000000 0.0603944
8710.000000 0.0609524
8715.000000 0.0616389
8720.000000 0.0624458
8725.000000 0.0631235
8730.000000 0.0637247
8735.000000 0.0637311
8740.000000 0.0636469
8745.000000 0.0629457
8750.000000 0.0615729
8755.000000 0.060342
8760.000000 0.0587556
8765.000000 0.0568867
8770.000000 0.054746
8775.000000 0.0526612
8780.000000 0.0507345
8785.000000 0.0487294
8790.000000 0.0470017
8795.000000 0.0454147
8800.000000 0.0437102
8805.000000 0.0423864
8810.000000 0.041235
8815.000000 0.040274
8820.000000 0.039298
8825.000000 0.0382419
8830.000000 0.0372065
8835.000000 0.0360186
8840.000000 0.0349372
8845.000000 0.033731
8850.000000 0.0324736
8855.000000 0.0310607
8860.000000 0.0296537
8865.000000 0.0283315
8870.000000 0.0270824
8875.000000 0.0258874
8880.000000 0.0249153
8885.000000 0.0241124
8890.000000 0.0233419
8895.000000 0.0227957
8900.000000 0.0225067
8905.000000 0.0222571
8910.000000 0.0223673
8915.000000 0.0223971
8920.000000 0.0226455
8925.000000 0.023036
8930.000000 0.0235565
8935.000000 0.0239662
8940.000000 0.0244548
8945.000000 0.0248844
8950.000000 0.0252303
8955.000000 0.0255421
8960.000000 0.025755
8965.000000 0.0258188
8970.000000 0.0258225
8975.000000 0.0257473
8980.000000 0.0255512
8985.000000 0.0254812
8990.000000 0.025432
8995.000000 0.0254313
9000.000000 0.0256072
9005.000000 0.0258695
9010.000000 0.0263871
9015.000000 0.0270847
9020.000000 0.0280275
9025.000000 0.0292065
9030.000000 0.0307322
9035.000000 0.0325014
9040.000000 0.0345358
9045.000000 0.0370816
9050.000000 0.0398402
9055.000000 0.0426825
9060.000000 0.0456607
9065.000000 0.048703
9070.000000 0.0517245
9075.000000 0.0546344
9080.000000 0.0573686
9085.000000 0.0598866
9090.000000 0.0617385
9095.000000 0.0633478
9100.000000 0.0646358
9105.000000 0.0656315
9110.000000 0.0664479
9115.000000 0.0671411
9120.000000 0.0675897
9125.000000 0.0681044
9130.000000 0.0686097
9135.000000 0.069063
9140.000000 0.0695983
9145.000000 0.0701516
9150.000000 0.070639
9155.000000 0.0710818
9160.000000 0.0713723
9165.000000 0.0717147
9170.000000 0.0719277
9175.000000 0.0720277
9180.000000 0.0720169
9185.000000 0.0719539
9190.000000 0.0718729
9195.000000 0.0717297
9200.000000 0.0716176
9205.000000 0.0714615
9210.000000 0.0713206
9215.000000 0.0712106
9220.000000 0.0710519
9225.000000 0.0708823
9230.000000 0.0706158
9235.000000 0.0702721
9240.000000 0.0697948
9245.000000 0.069146
9250.000000 0.0684128
9255.000000 0.0675465
9260.000000 0.0665033
9265.000000 0.0653983
9270.000000 0.0640381
9275.000000 0.0626832
9280.000000 0.0613968
9285.000000 0.0600829
9290.000000 0.0588481
9295.000000 0.0576379
9300.000000 0.0565378
9305.000000 0.0554639
9310.000000 0.0545823
9315.000000 0.053786
9320.000000 0.0530809
9325.000000 0.0524438
9330.000000 0.0518885
9335.000000 0.0513215
9340.000000 0.0508087
9345.000000 0.0503602
9350.000000 0.0499034
9355.000000 0.0494645
9360.000000 0.0490255
9365.000000 0.0485983
9370.000000 0.0481707
9375.000000 0.0477654
9380.000000 0.0474281
9385.000000 0.0471036
9390.000000 0.0468294
9395.000000 0.0466199
9400.000000 0.046482
9405.000000 0.0463791
9410.000000 0.0463832
9415.000000 0.0464522
9420.000000 0.0466119
9425.000000 0.046832
9430.000000 0.0471423
9435.000000 0.0475156
9440.000000 0.0479516
9445.000000 0.0484654
9450.000000 0.0490271
9455.000000 0.0496931
9460.000000 0.0504152
9465.000000 0.0512764
9470.000000 0.0521881
9475.000000 0.0531569
9480.000000 0.0542162
9485.000000 0.0553788
9490.000000 0.0566658
9495.000000 0.058027
9500.000000 0.0594536
9505.000000 0.0608275
9510.000000 0.0622594
9515.000000 0.063693
9520.000000 0.0650667
9525.000000 0.066456
9530.000000 0.0676281
9535.000000 0.068609
9540.000000 0.0694185
9545.000000 0.0700498
9550.000000 0.0704295
9555.000000 0.0706286
9560.000000 0.0705971
9565.000000 0.0704102
9570.000000 0.0700928
9575.000000 0.0696638
9580.000000 0.0691554
9585.000000 0.0685658
9590.000000 0.0679354
9595.000000 0.0672709
9600.000000 0.0666418
9605.000000 0.0659846
9610.000000 0.0653583
9615.000000 0.0646512
9620.000000 0.0638332
9625.000000 0.0629758
9630.000000 0.062049
9635.000000 0.0611381
9640.000000 0.060087
9645.000000 0.0589433
9650.000000 0.057679
9655.000000 0.0563407
9660.000000 0.0550173
9665.000000 0.0536838
9670.000000 0.0523709
9675.000000 0.0510057
9680.000000 0.0496389
9685.000000 0.0482908
9690.000000 0.0470395
9695.000000 0.0458811
9700.000000 0.0447009
9705.000000 0.0435806
9710.000000 0.042505
9715.000000 0.041383
9720.000000 0.040372
9725.000000 0.0394119
9730.000000 0.0385086
9735.000000 0.037581
9740.000000 0.0367054
9745.000000 0.0358415
9750.000000 0.0349895
9755.000000 0.0342402
9760.000000 0.0335598
9765.000000 0.0329046
9770.000000 0.0322853
9775.000000 0.0317301
9780.000000 0.0312427
9785.000000 0.0308336
9790.000000 0.0305261
9795.000000 0.0302935
9800.000000 0.0301976
9805.000000 0.0302057
9810.000000 0.0303099
9815.000000 0.0305433
9820.000000 0.0309021
9825.000000 0.0313689
9830.000000 0.0319657
9835.000000 0.0327449
9840.000000 0.0337501
9845.000000 0.0349231
9850.000000 0.0361654
9855.000000 0.0377031
9860.000000 0.039498
9865.000000 0.0415198
9870.000000 0.0439914
9875.000000 0.0467257
9880.000000 0.0496529
9885.000000 0.0528055
9890.000000 0.0561991
9895.000000 0.0596608
9900.000000 0.063033
9905.000000 0.0660109
9910.000000 0.0681879
9915.000000 0.0692422
9920.000000 0.0690973
9925.000000 0.0675438
9930.000000 0.0645032
9935.000000 0.0600439
9940.000000 0.0546947
9945.000000 0.0492032
9950.000000 0.0434341
9955.000000 0.0377505
9960.000000 0.032451
9965.000000 0.0276069
9970.000000 0.0233098
9975.000000 0.0198944
9980.000000 0.0170188
9985.000000 0.0145727
9990.000000 0.0125096
9995.000000 0.0108055
10000.000000 0.0092518
10005.000000 0.00808558
10010.000000 0.00710689
10015.000000 0.00624596
10020.000000 0.005522
10025.000000 0.00490986
10030.000000 0.00434304
10035.000000 0.00387569
10040.000000 0.00350462
10045.000000 0.00314611
10050.000000 0.00285301
10055.000000 0.00255882
10060.000000 0.00232802
10065.000000 0.00209981
10070.000000 0.00193969
10075.000000 0.00178022
10080.000000 0.00163791
10085.000000 0.00149505
10090.000000 0.00140358
10095.000000 0.00125405
10100.000000 0.00117974
10105.000000 0.00107043
10110.000000 0.000994058
10115.000000 0.000959991
10120.000000 0.000863699
10125.000000 0.00081665
10130.000000 0.000752375
10135.000000 0.000697855
10140.000000 0.000687636
10145.000000 0.000630721
10150.000000 0.000581875
10155.000000 0.000537244
10160.000000 0.00049773
10165.000000 0.000474649
10170.000000 0.000450583
10175.000000 0.000437578
10180.000000 0.000381191
10185.000000 0.000382066
10190.000000 0.000346483
10195.000000 0.000317133
10200.000000 0.000312704
10205.000000 0.000297443
10210.000000 0.000276291
10215.000000 0.000267543
10220.000000 0.000241689
10225.000000 0.000214167
10230.000000 0.000213437
10235.000000 0.00019558
10240.000000 0.000192689
10245.000000 0.000187079
10250.000000 0.000163535
10255.000000 0.000169461
10260.000000 0.000163823
10265.000000 0.000114551
10270.000000 0.000148903
10275.000000 0.000120877
10280.000000 0.000109742
10285.000000 0.000121342
10290.000000 0.000124641
10295.000000 8.85997e-05
10300.000000 0.000111237
10305.000000 9.87321e-05
10310.000000 8.43398e-05
10315.000000 8.5878e-05
10320.000000 6.89418e-05
10325.000000 8.48623e-05
10330.000000 8.84763e-05
10335.000000 8.08327e-05
10340.000000 6.19305e-05
10345.000000 6.17947e-05
10350.000000 6.07928e-05
10355.000000 5.60448e-05
10360.000000 6.06132e-05
10365.000000 4.93518e-05
10370.000000 6.41273e-05
10375.000000 3.80588e-05
10380.000000 5.37372e-05
10385.000000 5.56371e-05
10390.000000 4.89657e-05
10395.000000 3.69126e-05
10400.000000 4.53396e-05
10405.000000 4.13785e-05
